MEMORY
  total           14792 KB
  struct            158 KB
  buffer            298 KB
  arena           14336 KB, used 0.2%

SIZES
  narena                14680064
  nbuffer               305040
  nplugin               0
  maxuse_stack          19088
  maxuse_arena          29832
  maxuse_con            16
  maxuse_efc            37
  ncon                  16
  ne                    1
  nf                    0
  nl                    0
  nefc                  37
  nJ                    777
  nY                    0
  nA                    0
  nisland               3
  nidof                 21
  ntree_awake           3
  nbody_awake           15
  nparent_awake         14
  nv_awake              21
  flg_energypos         0
  flg_energyvel         0
  flg_subtreevel        0
  flg_rnepost           0
  threadpool            0

TIMER
    0:  duration =  0          number = 0
    1:  duration =  0.00019    number = 2
    2:  duration =  0          number = 0
    3:  duration =  0.00016    number = 2
    4:  duration =  4.9e-06    number = 2
    5:  duration =  1.5e-06    number = 2
    6:  duration =  1.8e-05    number = 2
    7:  duration =  0          number = 0
    8:  duration =  1.2e-05    number = 2
    9:  duration =  2.7e-06    number = 2
    10:  duration =  0.00013    number = 2
    11:  duration =  2.1e-05    number = 2
    12:  duration =  2e-07      number = 2
    13:  duration =  2.4e-05    number = 2
    14:  duration =  9e-05      number = 2

SOLVER STAT
  solver_fwdinv =   0         0       
  ISLAND 0
    solver_niter = 1
    solver_nnz = 81
      0:  improvement =  3.6e+03     gradient =  1.1e-14     lineslope =  0       
          nactive = 1   nchange = 0   neval = 2   nupdate = 0

  ISLAND 1
    solver_niter = 1
    solver_nnz = 36
      0:  improvement =  6.8e+04     gradient =  2.6e-13     lineslope =  2.3e-13 
          nactive = 20   nchange = 0   neval = 2   nupdate = 0

  ISLAND 2
    solver_niter = 1
    solver_nnz = 36
      0:  improvement =  5.4e+04     gradient =  8.6e-13     lineslope =  0       
          nactive = 16   nchange = 0   neval = 2   nupdate = 0

ENERGY =   0         0       

TIME =  0       

QPOS
   0.052   
  -0.74    
   0.28    
  -2.5     
  -0.018   
   1.9     
   0.25    
   0       
   0       
   0.59    
  -0.15    
   0.015   
   1       
   0       
   0       
   0       
   0.53    
   0.11    
   0.015   
   1       
   0       
   0       
   0       

QVEL
   0       
   0       
   0       
   0       
   0       
   0       
   0       
   0       
   0       
   0       
   0       
   0       
   0       
   0       
   0       
   0       
   0       
   0       
   0       
   0       
   0       

QACC_WARMSTART
   0       
   0       
   0       
   0       
   0       
   0       
   0       
   0       
   0       
   0       
   0       
   0       
   0       
   0       
   0       
   0       
   0       
   0       
   0       
   0       
   0       

CTRL
   0       
   0       
   0       
   0       
   0       
   0       
   0       
   0       

QFRC_APPLIED
   0       
   0       
   0       
   0       
   0       
   0       
   0       
   0       
   0       
   0       
   0       
   0       
   0       
   0       
   0       
   0       
   0       
   0       
   0       
   0       
   0       

XFRC_APPLIED
   0         0         0         0         0         0       
   0         0         0         0         0         0       
   0         0         0         0         0         0       
   0         0         0         0         0         0       
   0         0         0         0         0         0       
   0         0         0         0         0         0       
   0         0         0         0         0         0       
   0         0         0         0         0         0       
   0         0         0         0         0         0       
   0         0         0         0         0         0       
   0         0         0         0         0         0       
   0         0         0         0         0         0       
   0         0         0         0         0         0       
   0         0         0         0         0         0       
   0         0         0         0         0         0       

EQ_ACTIVE             1

QACC
  -1e+02   
   1.1e+02 
  -21      
   1.5e+02 
   87      
  -1.9e+02 
  -1.2e+02 
  -0.21    
   0.21    
  -0.0067  
  -0.0089  
   65      
   3.6     
  -2.8     
   0.002   
   1.1e-17 
  -1.4e-16 
   65      
   5.6e-14 
   4.7e-15 
   1.7e-33 

TREE_ASLEEP
  -11
  -11
  -11

XPOS
   0         0         0       
   0.55      0         0       
   0         0         0       
   0         0         0.33    
   0         0         0.33    
  -0.21     -0.011     0.57    
  -0.16      0.015     0.62    
   0.22      0.11      0.61    
   0.22      0.11      0.61    
   0.31      0.14      0.62    
   0.32      0.12      0.52    
   0.33      0.11      0.46    
   0.33      0.11      0.46    
   0.59     -0.15      0.015   
   0.53      0.11      0.015   

XQUAT
   1         0         0         0       
   1         0         0         0       
   1         0         0         0       
   1         0         0         0.026   
   0.67     -0.65     -0.27     -0.24    
   0.92     -0.041    -0.36      0.15    
   0.55      0.33      0.55     -0.53    
   0.62     -0.16      0.76      0.0024  
   0.76      0.63      0.056     0.13    
   0.087     0.99      0.0086    0.067   
   0.11      0.91      0.39      0.028   
   0.11      0.91      0.39      0.028   
  -0.028     0.39     -0.91      0.11    
   1         0         0         0       
   1         0         0         0       

XMAT
   1         0         0         0         1         0         0         0         1       
   1         0         0         0         1         0         0         0         1       
   1         0         0         0         1         0         0         0         1       
   1        -0.052     0         0.052     1         0         0         0         1       
   0.74      0.67     -0.052     0.038     0.035     1         0.68     -0.74     -1.4e-17 
   0.69     -0.25     -0.67      0.31      0.95     -0.035     0.65     -0.18      0.74    
  -0.17      0.95      0.25     -0.23      0.21     -0.95     -0.96     -0.22      0.18    
  -0.16     -0.25      0.95     -0.25      0.95      0.21     -0.95     -0.2      -0.22    
   0.96     -0.13      0.25      0.28      0.17     -0.95      0.084     0.98      0.2     
   0.99      0.0054    0.13      0.029    -0.98     -0.17      0.13      0.17     -0.98    
   0.7       0.7       0.13      0.72     -0.68     -0.17     -0.03      0.22     -0.98    
   0.7       0.7       0.13      0.72     -0.68     -0.17     -0.03      0.22     -0.98    
  -0.7      -0.7       0.13     -0.72      0.68     -0.17      0.03     -0.22     -0.98    
   1         0         0         0         1         0         0         0         1       
   1         0         0         0         1         0         0         0         1       

XIPOS
   0         0         0       
   0.55      0         0       
  -0.041    -0.00014   0.05    
   0.0038    0.0023    0.29    
  -0.022     0.0024    0.35    
  -0.16      0.037     0.53    
  -0.041     0.023     0.65    
   0.18      0.15      0.63    
   0.28      0.14      0.6     
   0.33      0.13      0.56    
   0.32      0.11      0.49    
   0.33      0.11      0.46    
   0.33      0.11      0.46    
   0.59     -0.15      0.015   
   0.53      0.11      0.015   

XIMAT
   1         0         0         0         1         0         0         0         1       
   1         0         0         0         1         0         0         0         1       
   0.13      0.0028    0.99      0.019    -1         0.00032   0.99      0.019    -0.13    
  -0.039    -1        -0.0083    1        -0.039    -0.028     0.028    -0.0094    1       
   0.018    -0.62      0.79      0.82     -0.44     -0.36      0.57      0.65      0.5     
  -0.086    -0.89     -0.46      0.86     -0.3       0.42     -0.5      -0.36      0.79    
   0.67      0.15     -0.72     -0.63     -0.4      -0.67     -0.39      0.9      -0.17    
  -0.22     -0.33      0.92     -0.53      0.83      0.17     -0.82     -0.45     -0.36    
  -0.051     0.052     1        -0.93     -0.36     -0.029     0.36     -0.93      0.067   
   0.96      0.078     0.28      0.17     -0.94     -0.31      0.24      0.34     -0.91    
   0.7       0.7       0.13      0.72     -0.68     -0.17     -0.03      0.22     -0.98    
   0.7       0.7       0.13      0.72     -0.68     -0.17     -0.03      0.22     -0.98    
  -0.7      -0.7       0.13     -0.72      0.68     -0.17      0.03     -0.22     -0.98    
   1         0         0         0         1         0         0         0         1       
   1         0         0         0         1         0         0         0         1       

XANCHOR
   0         0         0.33    
   0         0         0.33    
  -0.21     -0.011     0.57    
  -0.16      0.015     0.62    
   0.22      0.11      0.61    
   0.22      0.11      0.61    
   0.31      0.14      0.62    
   0.33      0.11      0.46    
   0.33      0.11      0.46    
   0.59     -0.15      0.015   
   0.53      0.11      0.015   

XAXIS
   0         0         1       
  -0.052     1         2.2e-16 
  -0.67     -0.035     0.74    
   0.25     -0.95      0.18    
   0.95      0.21     -0.22    
   0.25     -0.95      0.2     
   0.13     -0.17     -0.98    
   0.7      -0.68      0.22    
  -0.7       0.68     -0.22    
   0         0         1       
   0         0         1       

GEOM_XPOS
   0         0         0       
   0.55      0         0       
  -0.024     0.069     0.037   
  -0.025     0.073     0.037   
  -0.024    -0.065     0.063   
  -0.025    -0.073     0.063   
  -0.065    -0.066     0.048   
  -0.06      0.058     0.037   
   0.011    -0.072     0.046   
  -0.03     -3.4e-05   0.053   
  -0.025    -0.073     0.033   
  -0.024    -0.065     0.033   
   0.011     0.072     0.046   
  -0.029    -0.00088   0.057   
   0.0017   -0.032     0.27    
   0.0016   -0.031     0.26    
  -0.048     0.03      0.38    
  -0.049     0.029     0.38    
  -0.17      0.026     0.56    
  -0.19     -0.015     0.57    
  -0.13     -0.0021    0.56    
  -0.18      0.089     0.6     
  -0.16      0.028     0.56    
  -0.096     0.044     0.63    
  -0.11      0.0094    0.66    
  -0.13     -0.059     0.64    
  -0.14      0.042     0.67    
  -0.11      0.0082    0.65    
   0.17      0.2       0.6     
   0.093     0.19      0.63    
   0.11      0.13      0.63    
   0.019     0.089     0.66    
   0.088     0.16      0.63    
   0.2       0.18      0.6     
   0.25      0.12      0.6     
   0.24      0.064     0.63    
   0.31      0.15      0.69    
   0.3       0.16      0.7     
   0.31      0.15      0.7     
   0.3       0.14      0.7     
   0.29      0.15      0.7     
   0.27      0.15      0.7     
   0.32      0.16      0.69    
   0.24      0.064     0.62    
   0.3       0.15      0.7     
   0.3       0.15      0.7     
   0.29      0.18      0.69    
   0.3       0.13      0.7     
   0.24      0.075     0.62    
   0.3       0.15      0.69    
   0.28      0.12      0.62    
   0.27      0.12      0.63    
   0.36      0.084     0.55    
   0.38      0.11      0.55    
   0.29      0.15      0.53    
   0.28      0.16      0.53    
   0.28      0.16      0.53    
   0.34      0.062     0.55    
   0.36      0.087     0.57    
   0.32      0.12      0.55    
   0.33      0.11      0.55    
   0.33      0.12      0.5     
   0.25      0.19      0.5     
   0.27      0.17      0.52    
   0.33      0.11      0.49    
   0.32      0.12      0.51    
   0.33      0.12      0.49    
   0.34      0.096     0.45    
   0.34      0.099     0.42    
   0.34      0.096     0.45    
   0.34      0.098     0.42    
   0.34      0.1       0.41    
   0.33      0.096     0.41    
   0.34      0.11      0.42    
   0.33      0.098     0.42    
   0.32      0.12      0.44    
   0.33      0.11      0.42    
   0.32      0.12      0.44    
   0.33      0.11      0.42    
   0.33      0.099     0.41    
   0.34      0.11      0.41    
   0.33      0.1       0.42    
   0.34      0.11      0.42    
   0.59     -0.15      0.015   
   0.53      0.11      0.015   

GEOM_XMAT
   1         0         0         0         1         0         0         0         1       
   1         0         0         0         1         0         0         0         1       
  -0.16     -0.99      0         0.99     -0.16      0         0         0         1       
   1         0         0         0         1         0         0         0         1       
   0.99      0        -0.17     -0.17      0        -0.99      0         1         0       
   1         0         0         0         1         0         0         0         1       
   0.16     -0.99      0         0.99      0.16      0         0         0         1       
   0        -1         0         1         0         0         0         0         1       
   0.16     -0.98     -0.12      0.99      0.16      0.022    -0.0026   -0.12      0.99    
  -0.42      0.0024    0.91     -0.0015   -1         0.0019    0.91     -0.00057   0.42    
   1         0         0         0         1         0         0         0         1       
   0.99      0        -0.15     -0.15      0        -0.99      0         1         0       
  -0.16     -0.98     -0.12      0.99     -0.16     -0.022     0.0025   -0.12      0.99    
  -0.36      0.0082    0.93      0.022    -1         0.017     0.93      0.027     0.36    
   1        -0.048     0.019     0.051     0.93     -0.37     -0.00014   0.37      0.93    
   1        -0.049     0.018     0.052     0.94     -0.34      0.00032   0.34      0.94    
   0.74     -0.3      -0.61      0.039     0.91     -0.4       0.68      0.27      0.68    
   0.74     -0.28     -0.62      0.038     0.93     -0.37      0.68      0.25      0.69    
  -1         0.058    -0.06     -0.082    -0.82      0.56     -0.017     0.56      0.83    
  -0.47     -0.64      0.61     -0.5      -0.38     -0.78      0.73     -0.67     -0.14    
  -0.67     -0.32     -0.67      0.46     -0.89     -0.039    -0.58     -0.33      0.74    
  -0.26     -0.96      0.11      0.93     -0.22      0.3      -0.27      0.18      0.95    
  -1        -0.057    -0.072     0.0085   -0.84      0.54     -0.091     0.54      0.84    
   0.29     -0.056    -0.96     -0.51      0.83     -0.21      0.81      0.55      0.21    
   0.34      0.7      -0.62      0.25     -0.71     -0.66     -0.9       0.068    -0.42    
   0.31     -0.65     -0.7      -0.92     -0.024    -0.39      0.24      0.76     -0.6     
   0.95      0.19     -0.23     -0.28      0.31     -0.91     -0.1       0.93      0.35    
   0.31      0.7      -0.64      0.28     -0.71     -0.65     -0.91      0.02     -0.41    
  -0.3       0.17      0.94      0.93      0.25      0.26     -0.19      0.95     -0.23    
  -0.16     -0.25      0.95     -0.25      0.95      0.21     -0.95     -0.2      -0.22    
  -0.16     -0.51      0.85     -0.25      0.85      0.46     -0.95     -0.13     -0.27    
   0.93      0.018    -0.37     -0.35      0.37     -0.86      0.12      0.93      0.35    
  -0.48      0.17      0.86      0.86      0.25      0.43     -0.15      0.95     -0.27    
  -0.16      0.78      0.6      -0.24      0.56     -0.79     -0.96     -0.27      0.1     
   0.21     -0.35      0.91     -0.95     -0.29      0.11      0.23     -0.89     -0.39    
   0.25     -0.96      0.13     -0.95     -0.28     -0.17      0.2      -0.084    -0.98    
   0.087     0.11      0.99      0.22     -0.97      0.085     0.97      0.21     -0.11    
   0.96     -0.13      0.25      0.28      0.17     -0.95      0.084     0.98      0.2     
   0.96     -0.13      0.25      0.28      0.17     -0.95      0.084     0.98      0.2     
   0.96     -0.13      0.25      0.28      0.17     -0.95      0.084     0.98      0.2     
   0.96     -0.13      0.25      0.28      0.17     -0.95      0.084     0.98      0.2     
   0.96     -0.13      0.25      0.28      0.17     -0.95      0.084     0.98      0.2     
   0.96     -0.13      0.25      0.28      0.17     -0.95      0.084     0.98      0.2     
   0.25      0.13      0.96     -0.95     -0.17      0.28      0.2      -0.98      0.084   
   0.077     0.28      0.96      0.23     -0.94      0.26      0.97      0.2      -0.14    
   0.96     -0.13      0.25      0.28      0.17     -0.95      0.084     0.98      0.2     
   0.96     -0.13      0.25      0.28      0.17     -0.95      0.084     0.98      0.2     
   0.96     -0.13      0.25      0.28      0.17     -0.95      0.084     0.98      0.2     
   0.16      0.15      0.98     -0.97     -0.17      0.18      0.19     -0.97      0.11    
   0.078     0.23      0.97      0.23     -0.95      0.21      0.97      0.21     -0.13    
   0.48      0.14      0.86     -0.84     -0.22      0.5       0.26     -0.97      0.0098  
   0.39      0.25      0.89     -0.9      -0.13      0.43      0.22     -0.96      0.18    
  -0.02     -0.73      0.69     -0.023     0.69      0.73     -1        -0.0018   -0.031   
   0.75     -0.017    -0.66      0.66      0.00093   0.75     -0.012    -1         0.012   
   0.7       0.13     -0.7       0.72     -0.17      0.68     -0.03     -0.98     -0.22    
   0.99      0.0054    0.13      0.029    -0.98     -0.17      0.13      0.17     -0.98    
   0.99      0.0054    0.13      0.029    -0.98     -0.17      0.13      0.17     -0.98    
  -0.63     -0.045     0.77     -0.77     -0.026    -0.64      0.049    -1        -0.018   
  -0.065    -0.71      0.7       0.021     0.7       0.72     -1         0.062    -0.03    
   0.13     -0.0082    0.99     -0.17      0.99      0.031    -0.98     -0.17      0.13    
   0.097    -0.7      -0.71     -0.14     -0.72      0.68     -0.99      0.03     -0.16    
   0.13     -0.7      -0.7      -0.17     -0.72      0.68     -0.98      0.03     -0.22    
   0.7       0.71     -0.12      0.72     -0.69      0.078    -0.03     -0.14     -0.99    
   0.7       0.13     -0.7       0.72     -0.17      0.68     -0.03     -0.98     -0.22    
   0.7       0.14     -0.7       0.72     -0.18      0.67     -0.03     -0.97     -0.23    
   0.13     -0.66      0.74     -0.17      0.72      0.67     -0.98     -0.22     -0.016   
   0.7       0.12     -0.71      0.72     -0.16      0.68     -0.031    -0.98     -0.19    
   0.71     -0.7       0.08     -0.69     -0.72     -0.12      0.14      0.03     -0.99    
   0.7      -0.7       0.13     -0.68     -0.72     -0.17      0.22      0.03     -0.98    
   0.71     -0.7       0.08     -0.69     -0.72     -0.12      0.14      0.03     -0.99    
   0.7       0.7       0.13      0.72     -0.68     -0.17     -0.03      0.22     -0.98    
   0.7       0.7       0.13      0.72     -0.68     -0.17     -0.03      0.22     -0.98    
   0.7       0.7       0.13      0.72     -0.68     -0.17     -0.03      0.22     -0.98    
   0.7       0.7       0.13      0.72     -0.68     -0.17     -0.03      0.22     -0.98    
   0.7       0.7       0.13      0.72     -0.68     -0.17     -0.03      0.22     -0.98    
  -0.69      0.7       0.19      0.66      0.72     -0.22     -0.29     -0.03     -0.96    
  -0.7       0.7       0.13      0.68      0.72     -0.17     -0.22     -0.03     -0.98    
  -0.69      0.7       0.19      0.66      0.72     -0.22     -0.29     -0.03     -0.96    
  -0.7      -0.7       0.13     -0.72      0.68     -0.17      0.03     -0.22     -0.98    
  -0.7      -0.7       0.13     -0.72      0.68     -0.17      0.03     -0.22     -0.98    
  -0.7      -0.7       0.13     -0.72      0.68     -0.17      0.03     -0.22     -0.98    
  -0.7      -0.7       0.13     -0.72      0.68     -0.17      0.03     -0.22     -0.98    
  -0.7      -0.7       0.13     -0.72      0.68     -0.17      0.03     -0.22     -0.98    
   1         0         0         0         1         0         0         0         1       
   1         0         0         0         1         0         0         0         1       

CAM_XPOS
  -0.8       1.4       1.4     
  -0.8      -1.4       1.4     
   0.36      0.15      0.47    

CAM_XMAT
  -0.71      0.36     -0.61     -0.71     -0.36      0.61     -5.6e-17   0.86      0.5     
   0.71      0.36     -0.61     -0.71      0.36     -0.61      5.6e-17   0.86      0.5     
  -0.7       0.7      -0.13     -0.72     -0.68      0.17      0.032     0.22      0.98    

LIGHT_XPOS
   0.01      0.021     1.9     
   1.2       0         2       
   2         0         1       

LIGHT_XDIR
   0         0        -1       
  -0.32      0        -0.95    
  -0.71      0        -0.71    

SUBTREE_COM
   0.3       0.024     0.23    
   0.55      0         0       
   0.028     0.046     0.47    
   0.031     0.048     0.49    
   0.042     0.067     0.58    
   0.046     0.071     0.59    
   0.13      0.084     0.61    
   0.27      0.13      0.58    
   0.3       0.13      0.57    
   0.32      0.12      0.52    
   0.32      0.11      0.49    
   0.33      0.11      0.46    
   0.33      0.11      0.46    
   0.59     -0.15      0.015   
   0.53      0.11      0.015   

CDOF
   0         0         1        -0.046     0.028     0       
  -0.052     1         2.2e-16   0.14      0.0073   -0.03    
  -0.67     -0.035     0.74     -0.039     0.12     -0.03    
   0.25     -0.95      0.18      0.13      0.071     0.18    
   0.95      0.21     -0.22     -0.044     0.18     -0.024   
   0.25     -0.95      0.2       0.15     -0.004    -0.2     
   0.13     -0.17     -0.98     -0.065     0.29     -0.061   
   0         0         0         0.7      -0.68      0.22    
   0         0         0        -0.7       0.68     -0.22    
   0         0         0         1         0         0       
   0         0         0         0         1         0       
   0         0         0         0         0         1       
   1         0         0         0         0         0       
   0         1         0         0         0         0       
   0         0         1         0         0         0       
   0         0         0         1         0         0       
   0         0         0         0         1         0       
   0         0         0         0         0         1       
   1         0         0         0         0         0       
   0         1         0         0         0         0       
   0         0         1         0         0         0       

CINERT
   0         0         0         0         0         0         0         0         0         0       
   0.54      0.54      1.1       0         0         0         0         0         0         18      
   0.12      0.12      0.0086   -0.002    -0.018    -0.012    -0.044    -0.029    -0.27      0.63    
   0.89      0.89      0.022    -0.0056   -0.017    -0.022    -0.12     -0.22     -0.94      5       
   0.023     0.038     0.026     0.0059   -0.014     0.0024   -0.032    -0.028    -0.079     0.65    
   0.042     0.16      0.13      0.0022    0.047    -0.012    -0.6      -0.029     0.17      3.2     
   0.14      0.15      0.048    -0.017     0.04      0.015    -0.25     -0.084     0.64      3.6     
   0.053     0.086     0.072    -0.021    -0.02     -0.014     0.18      0.12      0.19      1.2     
   0.044     0.14      0.12     -0.039    -0.055    -0.02      0.42      0.15      0.22      1.7     
   0.023     0.081     0.077    -0.018    -0.017    -0.007     0.22      0.063     0.065     0.74    
   0.0047    0.064     0.067    -0.014    -0.0028   -0.00073   0.21      0.045     0.01      0.73    
   6.6e-05   0.0014    0.0014   -0.00029   6.4e-05   1.3e-05   0.0045    0.00096  -0.00021   0.015   
   6.6e-05   0.0014    0.0014   -0.00029   6.4e-05   1.3e-05   0.0045    0.00096  -0.00021   0.015   
   7.6e-06   7.6e-06   1.2e-05   0         0         0         0         0         0         0.02    
   0.0017    0.0017    0.0033    0         0         0         0         0         0         0.5     

TEN_LENGTH
   0       

TEN_J: tendon moments
-----------------------
        xx             |
-----------------------

TEN_J_ROWNNZ
  2

TEN_J_ROWADR
  0

TEN_J
     7:  0.5        8:  0.5     

TENDON 0: 0 wrap points

ACTUATOR_LENGTH
   0.052   
  -0.74    
   0.28    
  -2.5     
  -0.018   
   1.9     
   0.25    
   0       

actuator_moment
-----------------------
 x                     |
  x                    |
   x                   |
    x                  |
     x                 |
      x                |
       x               |
        xx             |
-----------------------

ACTUATOR_MOMENT
     0:  1       
     1:  1       
     2:  1       
     3:  1       
     4:  1       
     5:  1       
     6:  1       
     7:  0.5        8:  0.5     

CRB
   0         0         0         0         0         0         0         0         0         0       
   0.54      0.54      1.1       0         0         0         0         0         0         18      
   1.3       1.7       0.58     -0.11     -0.057    -0.071     2.2e-16   2.7e-16   1.5e-15   17      
   1.2       1.6       0.57     -0.11     -0.039    -0.058     0.044     0.029     0.27      17      
   0.33      0.72      0.55     -0.1      -0.022    -0.037     0.16      0.25      1.2       12      
   0.3       0.68      0.52     -0.11     -0.0079   -0.039     0.2       0.27      1.3       11      
   0.26      0.53      0.39     -0.11     -0.054    -0.028     0.8       0.3       1.1       8       
   0.12      0.37      0.34     -0.092    -0.094    -0.042     1         0.39      0.48      4.4     
   0.072     0.29      0.27     -0.071    -0.075    -0.028     0.86      0.26      0.29      3.2     
   0.028     0.15      0.15     -0.032    -0.02     -0.0077    0.44      0.11      0.074     1.5     
   0.0048    0.067     0.069    -0.014    -0.0027   -0.0007    0.22      0.047     0.0098    0.76    
   6.6e-05   0.0014    0.0014   -0.00029   6.4e-05   1.3e-05   0.0045    0.00096  -0.00021   0.015   
   6.6e-05   0.0014    0.0014   -0.00029   6.4e-05   1.3e-05   0.0045    0.00096  -0.00021   0.015   
   7.6e-06   7.6e-06   1.2e-05   0         0         0         0         0         0         0.02    
   0.0017    0.0017    0.0033    0         0         0         0         0         0         0.5     

QM
   0.72    
  -0.2       1.4     
   0.52     -0.07      0.97    
   0.12     -0.62     -0.016     1.1     
   0.031     9.7e-05   0.012     0.022     0.14    
   0.017    -0.067     0.0033    0.15      9.4e-05   0.15    
  -0.0074   -0.00061  -0.0059   -0.0014    0.0015   -0.0015    0.11    
  -0.0045    0.00019  -0.0044    0.0017   -0.0017    0.0013   -8.7e-19   0.11    
   0.0045   -0.00019   0.0044   -0.0017    0.0017   -0.0013    8.7e-19             0.11    
                                                                                             0.02    
                                                                                             0         0.02    
                                                                                             0         0         0.02    
                                                                                             0         0         0         7.6e-06 
                                                                                             0         0         0         0         7.6e-06 
                                                                                             0         0         0         0         0         1.2e-05 
                                                                                                                                                         0.5     
                                                                                                                                                         0         0.5     
                                                                                                                                                         0         0         0.5     
                                                                                                                                                         0         0         0         0.0017  
                                                                                                                                                         0         0         0         0         0.0017  
                                                                                                                                                         0         0         0         0         0         0.0033  

M
     0:  0.72    
     0: -0.2        1:  1.4     
     0:  0.52       1: -0.07       2:  0.97    
     0:  0.12       1: -0.62       2: -0.016      3:  1.1     
     0:  0.031      1:  9.7e-05    2:  0.012      3:  0.022      4:  0.14    
     0:  0.017      1: -0.067      2:  0.0033     3:  0.15       4:  9.4e-05    5:  0.15    
     0: -0.0074     1: -0.00061    2: -0.0059     3: -0.0014     4:  0.0015     5: -0.0015     6:  0.11    
     0: -0.0045     1:  0.00019    2: -0.0044     3:  0.0017     4: -0.0017     5:  0.0013     6: -8.7e-19    7:  0.11    
     0:  0.0045     1: -0.00019    2:  0.0044     3: -0.0017     4:  0.0017     5: -0.0013     6:  8.7e-19    8:  0.11    
     9:  0.02    
    10:  0.02    
    11:  0.02    
    12:  7.6e-06 
    13:  7.6e-06 
    14:  1.2e-05 
    15:  0.5     
    16:  0.5     
    17:  0.5     
    18:  0.0017  
    19:  0.0017  
    20:  0.0033  

QLD
     0:  0.42    
     0: -0.086      1:  1.1     
     0:  0.54       1: -0.083      2:  0.97    
     0:  0.1        1: -0.58       2: -0.022      3:  0.95    
     0:  0.23       1:  0.0013     2:  0.09       3:  0.16       4:  0.14    
     0:  0.11       1: -0.44       2:  0.022      3:  0.99       4:  0.00099    5:  0.15    
     0: -0.069      1: -0.0058     2: -0.055      3: -0.013      4:  0.014      5: -0.014      6:  0.11    
     0: -0.039      1:  0.0016     2: -0.039      3:  0.015      4: -0.015      5:  0.011      6: -7.5e-18    7:  0.11    
     0:  0.039      1: -0.0016     2:  0.039      3: -0.015      4:  0.015      5: -0.011      6:  7.5e-18    8:  0.11    
     9:  0.02    
    10:  0.02    
    11:  0.02    
    12:  7.6e-06 
    13:  7.6e-06 
    14:  1.2e-05 
    15:  0.5     
    16:  0.5     
    17:  0.5     
    18:  0.0017  
    19:  0.0017  
    20:  0.0033  

QLDIAGINV
   2.4     
   0.93    
   1       
   1.1     
   7.4     
   6.5     
   9.4     
   8.7     
   8.7     
   50      
   50      
   50      
   1.3e+05 
   1.3e+05 
   8.2e+04 
   2       
   2       
   2       
   5.9e+02 
   5.9e+02 
   3e+02   

M: inertia structure
-----------------------
 x                     |
 xx                    |
 xxx                   |
 xxxx                  |
 xxxxx                 |
 xxxxxx                |
 xxxxxxx               |
 xxxxxxxx              |
 xxxxxxx x             |
          x            |
           x           |
            x          |
             x         |
              x        |
               x       |
                x      |
                 x     |
                  x    |
                   x   |
                    x  |
                     x |
-----------------------

iM: block-diagonal inertia (nnzs are island ids)
-----------------------
 0                     |
 00                    |
 000                   |
 0000                  |
 00000                 |
 000000                |
 0000000               |
 00000000              |
 0000000 0             |
          1            |
           1           |
            1          |
             1         |
              1        |
               1       |
                2      |
                 2     |
                  2    |
                   2   |
                    2  |
                     2 |
-----------------------

TREE_AWAKE
  1 1 1

BODY_AWAKE
  -1 -1 -1 1 1 1 1 1 1 1 1 1 1 1 1

BODY_AWAKE_IND
  0 1 2 3 4 5 6 7 8 9 10 11 12 13 14

PARENT_AWAKE_IND
  1 2 3 4 5 6 7 8 9 10 11 12 13 14

DOF_AWAKE_IND
  0 1 2 3 4 5 6 7 8 9 10 11 12 13 14 15 16 17 18 19 20

CONTACT
  0:
     dim           3
     geoms         floor : 83
     exclude       1
     efc_address   -1
     solref         0.02      1       
     solimp         0.9       0.95      0.001     0.5       2       
     dist           0       
     includemargin  0       
     pos            0.63     -0.15      0       
     frame          0         0         1         0         1         0        -1         0         0       
     friction       1         1         0.5       0.5       0.5     
     mu             0       
     force          0         0         0         0         0         0       
  1:
     dim           3
     geoms         floor : 83
     exclude       1
     efc_address   -1
     solref         0.02      1       
     solimp         0.9       0.95      0.001     0.5       2       
     dist           0       
     includemargin  0       
     pos            0.57     -0.12      0       
     frame          0         0         1         0         1         0        -1         0         0       
     friction       1         1         0.5       0.5       0.5     
     mu             0       
     force          0         0         0         0         0         0       
  2:
     dim           3
     geoms         floor : 83
     exclude       1
     efc_address   -1
     solref         0.02      1       
     solimp         0.9       0.95      0.001     0.5       2       
     dist           0       
     includemargin  0       
     pos            0.57     -0.18      0       
     frame          0         0         1         0         1         0        -1         0         0       
     friction       1         1         0.5       0.5       0.5     
     mu             0       
     force          0         0         0         0         0         0       
  3:
     dim           3
     geoms         floor : 84
     exclude       1
     efc_address   -1
     solref         0.02      1       
     solimp         0.9       0.95      0.001     0.5       2       
     dist           0       
     includemargin  0       
     pos            0.43      0.014     0       
     frame          0         0         1         0         1         0        -1         0         0       
     friction       1         1         0.005     0.0001    0.0001  
     mu             0       
     force          0         0         0         0         0         0       
  4:
     dim           3
     geoms         floor : 84
     exclude       1
     efc_address   -1
     solref         0.02      1       
     solimp         0.9       0.95      0.001     0.5       2       
     dist           0       
     includemargin  0       
     pos            0.63      0.014     0       
     frame          0         0         1         0         1         0        -1         0         0       
     friction       1         1         0.005     0.0001    0.0001  
     mu             0       
     force          0         0         0         0         0         0       
  5:
     dim           3
     geoms         floor : 84
     exclude       1
     efc_address   -1
     solref         0.02      1       
     solimp         0.9       0.95      0.001     0.5       2       
     dist           0       
     includemargin  0       
     pos            0.43      0.21      0       
     frame          0         0         1         0         1         0        -1         0         0       
     friction       1         1         0.005     0.0001    0.0001  
     mu             0       
     force          0         0         0         0         0         0       
  6:
     dim           3
     geoms         floor : 84
     exclude       1
     efc_address   -1
     solref         0.02      1       
     solimp         0.9       0.95      0.001     0.5       2       
     dist           0       
     includemargin  0       
     pos            0.63      0.21      0       
     frame          0         0         1         0         1         0        -1         0         0       
     friction       1         1         0.005     0.0001    0.0001  
     mu             0       
     force          0         0         0         0         0         0       
  7:
     dim           3
     geoms         83 : table_top
     exclude       0
     efc_address   1
     solref         0.02      1       
     solimp         0.9       0.95      0.001     0.5       2       
     dist          -0.025   
     includemargin  0       
     pos            0.6      -0.14      0.013   
     frame          0         0        -1         0         1         0         1        -0         0       
     friction       1         1         0.5       0.5       0.5     
     mu             1       
     force          0.28      4.6e-05   2.8e-05   0         0         0       
  8:
     dim           3
     geoms         83 : table_top
     exclude       0
     efc_address   5
     solref         0.02      1       
     solimp         0.9       0.95      0.001     0.5       2       
     dist          -0.025   
     includemargin  0       
     pos            0.56     -0.15      0.012   
     frame         -0.001     5.2e-07  -1         5.2e-10   1         5.2e-07   1        -1e-25    -0.001   
     friction       1         1         0.5       0.5       0.5     
     mu             1       
     force          0.34      3.6e-05  -0.012     0         0         0       
  9:
     dim           3
     geoms         83 : table_top
     exclude       0
     efc_address   9
     solref         0.02      1       
     solimp         0.9       0.95      0.001     0.5       2       
     dist          -0.025   
     includemargin  0       
     pos            0.63     -0.15      0.012   
     frame          0.001    -1.6e-07  -1         1.6e-10   1        -1.6e-07   1         0         0.001   
     friction       1         1         0.5       0.5       0.5     
     mu             1       
     force          0.27      5.5e-05   0.012     0         0         0       
  10:
     dim           3
     geoms         83 : table_top
     exclude       0
     efc_address   13
     solref         0.02      1       
     solimp         0.9       0.95      0.001     0.5       2       
     dist          -0.025   
     includemargin  0       
     pos            0.59     -0.11      0.012   
     frame          1.2e-08   0.001    -1        -1.2e-11   1         0.001     1        -1.6e-27   1.2e-08 
     friction       1         1         0.5       0.5       0.5     
     mu             1       
     force          0.26      0.012     1.9e-05   0         0         0       
  11:
     dim           3
     geoms         83 : table_top
     exclude       0
     efc_address   17
     solref         0.02      1       
     solimp         0.9       0.95      0.001     0.5       2       
     dist          -0.025   
     includemargin  0       
     pos            0.59     -0.18      0.012   
     frame          5.1e-07  -0.001    -1         5.1e-10   1        -0.001     1         1e-25     5.1e-07 
     friction       1         1         0.5       0.5       0.5     
     mu             1       
     force          0.35     -0.012     5.2e-05   0         0         0       
  12:
     dim           3
     geoms         table_top : 84
     exclude       0
     efc_address   21
     solref         0.02      1       
     solimp         0.9       0.95      0.001     0.5       2       
     dist          -0.025   
     includemargin  0       
     pos            0.43      0.014     0.013   
     frame          0         0         1         0         1         0        -1         0         0       
     friction       1         1         0.005     0.0001    0.0001  
     mu             1       
     force          9.3       0         0         0         0         0       
  13:
     dim           3
     geoms         table_top : 84
     exclude       0
     efc_address   25
     solref         0.02      1       
     solimp         0.9       0.95      0.001     0.5       2       
     dist          -0.025   
     includemargin  0       
     pos            0.63      0.014     0.013   
     frame          0         0         1         0         1         0        -1         0         0       
     friction       1         1         0.005     0.0001    0.0001  
     mu             1       
     force          9.3       0         0         0         0         0       
  14:
     dim           3
     geoms         table_top : 84
     exclude       0
     efc_address   29
     solref         0.02      1       
     solimp         0.9       0.95      0.001     0.5       2       
     dist          -0.025   
     includemargin  0       
     pos            0.43      0.21      0.013   
     frame          0         0         1         0         1         0        -1         0         0       
     friction       1         1         0.005     0.0001    0.0001  
     mu             1       
     force          9.3       0         0         0         0         0       
  15:
     dim           3
     geoms         table_top : 84
     exclude       0
     efc_address   33
     solref         0.02      1       
     solimp         0.9       0.95      0.001     0.5       2       
     dist          -0.025   
     includemargin  0       
     pos            0.63      0.21      0.013   
     frame          0         0         1         0         1         0        -1         0         0       
     friction       1         1         0.005     0.0001    0.0001  
     mu             1       
     force          9.3       0         0         0         0         0       

EFC_TYPE
  0
  6
  6
  6
  6
  6
  6
  6
  6
  6
  6
  6
  6
  6
  6
  6
  6
  6
  6
  6
  6
  6
  6
  6
  6
  6
  6
  6
  6
  6
  6
  6
  6
  6
  6
  6
  6

EFC_ID
  0
  7
  7
  7
  7
  8
  8
  8
  8
  9
  9
  9
  9
  10
  10
  10
  10
  11
  11
  11
  11
  12
  12
  12
  12
  13
  13
  13
  13
  14
  14
  14
  14
  15
  15
  15
  15

EFC_J
   0         0         0         0         0         0         0         1        -1         0         0         0         0         0         0         0         0         0         0         0         0       
   0         0         0         0         0         0         0         0         0         0        -1         1         0.0087   -0.0075   -0.0075    0         0         0         0         0         0       
   0         0         0         0         0         0         0         0         0         0         1         1         0.014    -0.0075    0.0075    0         0         0         0         0         0       
   0         0         0         0         0         0         0         0         0        -1         0         1         0.011    -0.005     0.011     0         0         0         0         0         0       
   0         0         0         0         0         0         0         0         0         1         0         1         0.011    -0.01     -0.011     0         0         0         0         0         0       
   0         0         0         0         0         0         0         0         0         0.001    -1         1        -0.0018    0.035     0.035     0         0         0         0         0         0       
   0         0         0         0         0         0         0         0         0         0.001     1         1         0.0032    0.035    -0.035     0         0         0         0         0         0       
   0         0         0         0         0         0         0         0         0        -1        -5.2e-07   1         0.00068   0.037     0.00068   0         0         0         0         0         0       
   0         0         0         0         0         0         0         0         0         1        -5.2e-07   1         0.00068   0.032    -0.00068   0         0         0         0         0         0       
   0         0         0         0         0         0         0         0         0        -0.001    -1         1        -0.0026   -0.035    -0.035     0         0         0         0         0         0       
   0         0         0         0         0         0         0         0         0        -0.001     1         1         0.0024   -0.035     0.035     0         0         0         0         0         0       
   0         0         0         0         0         0         0         0         0        -1         1.6e-07   1        -0.00011  -0.032    -0.00011   0         0         0         0         0         0       
   0         0         0         0         0         0         0         0         0         1         1.6e-07   1        -0.00011  -0.037     0.00011   0         0         0         0         0         0       
   0         0         0         0         0         0         0         0         0        -1.2e-08  -1         1         0.032    -0.00018  -0.00018   0         0         0         0         0         0       
   0         0         0         0         0         0         0         0         0        -1.2e-08   1         1         0.038    -0.00018   0.00018   0         0         0         0         0         0       
   0         0         0         0         0         0         0         0         0        -1        -0.001     1         0.035     0.0023    0.035     0         0         0         0         0         0       
   0         0         0         0         0         0         0         0         0         1        -0.001     1         0.035    -0.0027   -0.035     0         0         0         0         0         0       
   0         0         0         0         0         0         0         0         0        -5.1e-07  -1         1        -0.037    -0.0011   -0.0011    0         0         0         0         0         0       
   0         0         0         0         0         0         0         0         0        -5e-07     1         1        -0.032    -0.0011    0.0011    0         0         0         0         0         0       
   0         0         0         0         0         0         0         0         0        -1         0.001     1        -0.035     0.0014   -0.035     0         0         0         0         0         0       
   0         0         0         0         0         0         0         0         0         1         0.001     1        -0.035    -0.0036    0.035     0         0         0         0         0         0       
   0         0         0         0         0         0         0         0         0         0         0         0         0         0         0         0         1         1        -0.098     0.1      -0.1     
   0         0         0         0         0         0         0         0         0         0         0         0         0         0         0         0        -1         1        -0.1       0.1       0.1     
   0         0         0         0         0         0         0         0         0         0         0         0         0         0         0        -1         0         1        -0.1       0.1      -0.1     
   0         0         0         0         0         0         0         0         0         0         0         0         0         0         0         1         0         1        -0.1       0.097     0.1     
   0         0         0         0         0         0         0         0         0         0         0         0         0         0         0         0         1         1        -0.098    -0.1       0.1     
   0         0         0         0         0         0         0         0         0         0         0         0         0         0         0         0        -1         1        -0.1      -0.1      -0.1     
   0         0         0         0         0         0         0         0         0         0         0         0         0         0         0        -1         0         1        -0.1      -0.097    -0.1     
   0         0         0         0         0         0         0         0         0         0         0         0         0         0         0         1         0         1        -0.1      -0.1       0.1     
   0         0         0         0         0         0         0         0         0         0         0         0         0         0         0         0         1         1         0.1       0.1      -0.1     
   0         0         0         0         0         0         0         0         0         0         0         0         0         0         0         0        -1         1         0.098     0.1       0.1     
   0         0         0         0         0         0         0         0         0         0         0         0         0         0         0        -1         0         1         0.1       0.1       0.1     
   0         0         0         0         0         0         0         0         0         0         0         0         0         0         0         1         0         1         0.1       0.097    -0.1     
   0         0         0         0         0         0         0         0         0         0         0         0         0         0         0         0         1         1         0.1      -0.1       0.1     
   0         0         0         0         0         0         0         0         0         0         0         0         0         0         0         0        -1         1         0.098    -0.1      -0.1     
   0         0         0         0         0         0         0         0         0         0         0         0         0         0         0        -1         0         1         0.1      -0.097     0.1     
   0         0         0         0         0         0         0         0         0         0         0         0         0         0         0         1         0         1         0.1      -0.1      -0.1     

IEFC_J
   0         0         0         0         0         0         0         1        -1       ......... ......... ......... ......... ......... ......... ......... ......... ......... ......... ......... ......... 
 ......... ......... ......... ......... ......... ......... ......... ......... .........   0        -1         1         0.0087   -0.0075   -0.0075  ......... ......... ......... ......... ......... ......... 
 ......... ......... ......... ......... ......... ......... ......... ......... .........   0         1         1         0.014    -0.0075    0.0075  ......... ......... ......... ......... ......... ......... 
 ......... ......... ......... ......... ......... ......... ......... ......... .........  -1         0         1         0.011    -0.005     0.011   ......... ......... ......... ......... ......... ......... 
 ......... ......... ......... ......... ......... ......... ......... ......... .........   1         0         1         0.011    -0.01     -0.011   ......... ......... ......... ......... ......... ......... 
 ......... ......... ......... ......... ......... ......... ......... ......... .........   0.001    -1         1        -0.0018    0.035     0.035   ......... ......... ......... ......... ......... ......... 
 ......... ......... ......... ......... ......... ......... ......... ......... .........   0.001     1         1         0.0032    0.035    -0.035   ......... ......... ......... ......... ......... ......... 
 ......... ......... ......... ......... ......... ......... ......... ......... .........  -1        -5.2e-07   1         0.00068   0.037     0.00068 ......... ......... ......... ......... ......... ......... 
 ......... ......... ......... ......... ......... ......... ......... ......... .........   1        -5.2e-07   1         0.00068   0.032    -0.00068 ......... ......... ......... ......... ......... ......... 
 ......... ......... ......... ......... ......... ......... ......... ......... .........  -0.001    -1         1        -0.0026   -0.035    -0.035   ......... ......... ......... ......... ......... ......... 
 ......... ......... ......... ......... ......... ......... ......... ......... .........  -0.001     1         1         0.0024   -0.035     0.035   ......... ......... ......... ......... ......... ......... 
 ......... ......... ......... ......... ......... ......... ......... ......... .........  -1         1.6e-07   1        -0.00011  -0.032    -0.00011 ......... ......... ......... ......... ......... ......... 
 ......... ......... ......... ......... ......... ......... ......... ......... .........   1         1.6e-07   1        -0.00011  -0.037     0.00011 ......... ......... ......... ......... ......... ......... 
 ......... ......... ......... ......... ......... ......... ......... ......... .........  -1.2e-08  -1         1         0.032    -0.00018  -0.00018 ......... ......... ......... ......... ......... ......... 
 ......... ......... ......... ......... ......... ......... ......... ......... .........  -1.2e-08   1         1         0.038    -0.00018   0.00018 ......... ......... ......... ......... ......... ......... 
 ......... ......... ......... ......... ......... ......... ......... ......... .........  -1        -0.001     1         0.035     0.0023    0.035   ......... ......... ......... ......... ......... ......... 
 ......... ......... ......... ......... ......... ......... ......... ......... .........   1        -0.001     1         0.035    -0.0027   -0.035   ......... ......... ......... ......... ......... ......... 
 ......... ......... ......... ......... ......... ......... ......... ......... .........  -5.1e-07  -1         1        -0.037    -0.0011   -0.0011  ......... ......... ......... ......... ......... ......... 
 ......... ......... ......... ......... ......... ......... ......... ......... .........  -5e-07     1         1        -0.032    -0.0011    0.0011  ......... ......... ......... ......... ......... ......... 
 ......... ......... ......... ......... ......... ......... ......... ......... .........  -1         0.001     1        -0.035     0.0014   -0.035   ......... ......... ......... ......... ......... ......... 
 ......... ......... ......... ......... ......... ......... ......... ......... .........   1         0.001     1        -0.035    -0.0036    0.035   ......... ......... ......... ......... ......... ......... 
 ......... ......... ......... ......... ......... ......... ......... ......... ......... ......... ......... ......... ......... ......... .........   0         1         1        -0.098     0.1      -0.1     
 ......... ......... ......... ......... ......... ......... ......... ......... ......... ......... ......... ......... ......... ......... .........   0        -1         1        -0.1       0.1       0.1     
 ......... ......... ......... ......... ......... ......... ......... ......... ......... ......... ......... ......... ......... ......... .........  -1         0         1        -0.1       0.1      -0.1     
 ......... ......... ......... ......... ......... ......... ......... ......... ......... ......... ......... ......... ......... ......... .........   1         0         1        -0.1       0.097     0.1     
 ......... ......... ......... ......... ......... ......... ......... ......... ......... ......... ......... ......... ......... ......... .........   0         1         1        -0.098    -0.1       0.1     
 ......... ......... ......... ......... ......... ......... ......... ......... ......... ......... ......... ......... ......... ......... .........   0        -1         1        -0.1      -0.1      -0.1     
 ......... ......... ......... ......... ......... ......... ......... ......... ......... ......... ......... ......... ......... ......... .........  -1         0         1        -0.1      -0.097    -0.1     
 ......... ......... ......... ......... ......... ......... ......... ......... ......... ......... ......... ......... ......... ......... .........   1         0         1        -0.1      -0.1       0.1     
 ......... ......... ......... ......... ......... ......... ......... ......... ......... ......... ......... ......... ......... ......... .........   0         1         1         0.1       0.1      -0.1     
 ......... ......... ......... ......... ......... ......... ......... ......... ......... ......... ......... ......... ......... ......... .........   0        -1         1         0.098     0.1       0.1     
 ......... ......... ......... ......... ......... ......... ......... ......... ......... ......... ......... ......... ......... ......... .........  -1         0         1         0.1       0.1       0.1     
 ......... ......... ......... ......... ......... ......... ......... ......... ......... ......... ......... ......... ......... ......... .........   1         0         1         0.1       0.097    -0.1     
 ......... ......... ......... ......... ......... ......... ......... ......... ......... ......... ......... ......... ......... ......... .........   0         1         1         0.1      -0.1       0.1     
 ......... ......... ......... ......... ......... ......... ......... ......... ......... ......... ......... ......... ......... ......... .........   0        -1         1         0.098    -0.1      -0.1     
 ......... ......... ......... ......... ......... ......... ......... ......... ......... ......... ......... ......... ......... ......... .........  -1         0         1         0.1      -0.097     0.1     
 ......... ......... ......... ......... ......... ......... ......... ......... ......... ......... ......... ......... ......... ......... .........   1         0         1         0.1      -0.1      -0.1     

EFC_POS
   0       
  -0.025   
  -0.025   
  -0.025   
  -0.025   
  -0.025   
  -0.025   
  -0.025   
  -0.025   
  -0.025   
  -0.025   
  -0.025   
  -0.025   
  -0.025   
  -0.025   
  -0.025   
  -0.025   
  -0.025   
  -0.025   
  -0.025   
  -0.025   
  -0.025   
  -0.025   
  -0.025   
  -0.025   
  -0.025   
  -0.025   
  -0.025   
  -0.025   
  -0.025   
  -0.025   
  -0.025   
  -0.025   
  -0.025   
  -0.025   
  -0.025   
  -0.025   

EFC_MARGIN
   0       
   0       
   0       
   0       
   0       
   0       
   0       
   0       
   0       
   0       
   0       
   0       
   0       
   0       
   0       
   0       
   0       
   0       
   0       
   0       
   0       
   0       
   0       
   0       
   0       
   0       
   0       
   0       
   0       
   0       
   0       
   0       
   0       
   0       
   0       
   0       
   0       

EFC_FRICTIONLOSS
   0       
   0       
   0       
   0       
   0       
   0       
   0       
   0       
   0       
   0       
   0       
   0       
   0       
   0       
   0       
   0       
   0       
   0       
   0       
   0       
   0       
   0       
   0       
   0       
   0       
   0       
   0       
   0       
   0       
   0       
   0       
   0       
   0       
   0       
   0       
   0       
   0       

EFC_DIAGA
   17      
   2e+02   
   2e+02   
   2e+02   
   2e+02   
   2e+02   
   2e+02   
   2e+02   
   2e+02   
   2e+02   
   2e+02   
   2e+02   
   2e+02   
   2e+02   
   2e+02   
   2e+02   
   2e+02   
   2e+02   
   2e+02   
   2e+02   
   2e+02   
   8       
   8       
   8       
   8       
   8       
   8       
   8       
   8       
   8       
   8       
   8       
   8       
   8       
   8       
   8       
   8       

EFC_KBIP
   4.1e+04   4e+02     0.95      0       
   2.8e+03   1.1e+02   0.95      0       
   2.8e+03   1.1e+02   0.95      0       
   2.8e+03   1.1e+02   0.95      0       
   2.8e+03   1.1e+02   0.95      0       
   2.8e+03   1.1e+02   0.95      0       
   2.8e+03   1.1e+02   0.95      0       
   2.8e+03   1.1e+02   0.95      0       
   2.8e+03   1.1e+02   0.95      0       
   2.8e+03   1.1e+02   0.95      0       
   2.8e+03   1.1e+02   0.95      0       
   2.8e+03   1.1e+02   0.95      0       
   2.8e+03   1.1e+02   0.95      0       
   2.8e+03   1.1e+02   0.95      0       
   2.8e+03   1.1e+02   0.95      0       
   2.8e+03   1.1e+02   0.95      0       
   2.8e+03   1.1e+02   0.95      0       
   2.8e+03   1.1e+02   0.95      0       
   2.8e+03   1.1e+02   0.95      0       
   2.8e+03   1.1e+02   0.95      0       
   2.8e+03   1.1e+02   0.95      0       
   2.8e+03   1.1e+02   0.95      0       
   2.8e+03   1.1e+02   0.95      0       
   2.8e+03   1.1e+02   0.95      0       
   2.8e+03   1.1e+02   0.95      0       
   2.8e+03   1.1e+02   0.95      0       
   2.8e+03   1.1e+02   0.95      0       
   2.8e+03   1.1e+02   0.95      0       
   2.8e+03   1.1e+02   0.95      0       
   2.8e+03   1.1e+02   0.95      0       
   2.8e+03   1.1e+02   0.95      0       
   2.8e+03   1.1e+02   0.95      0       
   2.8e+03   1.1e+02   0.95      0       
   2.8e+03   1.1e+02   0.95      0       
   2.8e+03   1.1e+02   0.95      0       
   2.8e+03   1.1e+02   0.95      0       
   2.8e+03   1.1e+02   0.95      0       

EFC_D
   1.1     
   0.095   
   0.095   
   0.095   
   0.095   
   0.095   
   0.095   
   0.095   
   0.095   
   0.095   
   0.095   
   0.095   
   0.095   
   0.095   
   0.095   
   0.095   
   0.095   
   0.095   
   0.095   
   0.095   
   0.095   
   2.4     
   2.4     
   2.4     
   2.4     
   2.4     
   2.4     
   2.4     
   2.4     
   2.4     
   2.4     
   2.4     
   2.4     
   2.4     
   2.4     
   2.4     
   2.4     

EFC_R
   0.92    
   11      
   11      
   11      
   11      
   11      
   11      
   11      
   11      
   11      
   11      
   11      
   11      
   11      
   11      
   11      
   11      
   11      
   11      
   11      
   11      
   0.42    
   0.42    
   0.42    
   0.42    
   0.42    
   0.42    
   0.42    
   0.42    
   0.42    
   0.42    
   0.42    
   0.42    
   0.42    
   0.42    
   0.42    
   0.42    

TEN_VELOCITY
   0       

ACTUATOR_VELOCITY
   0       
   0       
   0       
   0       
   0       
   0       
   0       
   0       

CVEL
   0         0         0         0         0         0       
   0         0         0         0         0         0       
   0         0         0         0         0         0       
   0         0         0         0         0         0       
   0         0         0         0         0         0       
   0         0         0         0         0         0       
   0         0         0         0         0         0       
   0         0         0         0         0         0       
   0         0         0         0         0         0       
   0         0         0         0         0         0       
   0         0         0         0         0         0       
   0         0         0         0         0         0       
   0         0         0         0         0         0       
   0         0         0         0         0         0       
   0         0         0         0         0         0       

CDOF_DOT
   0         0         0         0         0         0       
   0        -0         0         0         0         0       
   0        -0         0         0         0         0       
   0         0        -0         0         0         0       
  -0         0         0        -0         0         0       
   0         0        -0         0         0        -0       
   0         0        -0         0         0         0       
   0         0         0         0         0         0       
   0         0         0         0         0         0       
   0         0         0         0         0         0       
   0         0         0         0         0         0       
   0         0         0         0         0         0       
   0         0         0         0         0         0       
   0         0         0         0         0         0       
   0         0         0         0         0         0       
   0         0         0         0         0         0       
   0         0         0         0         0         0       
   0         0         0         0         0         0       
   0         0         0         0         0         0       
   0         0         0         0         0         0       
   0         0         0         0         0         0       

QFRC_BIAS
   0       
  -5.3     
  -5.1     
   23      
   0.45    
   2.4     
   0.0018  
   0.032   
  -0.032   
   0       
   0       
   0.2     
   0       
   0       
   0       
   0       
   0       
   4.9     
   0       
   0       
   0       

QFRC_SPRING
   0       
   0       
   0       
   0       
   0       
   0       
   0       
   0       
   0       
   0       
   0       
   0       
   0       
   0       
   0       
   0       
   0       
   0       
   0       
   0       
   0       

QFRC_DAMPER
  -0       
  -0       
  -0       
  -0       
  -0       
  -0       
  -0       
  -0       
  -0       
   0       
   0       
   0       
   0       
   0       
   0       
   0       
   0       
   0       
   0       
   0       
   0       

QFRC_GRAVCOMP
   0       
   0       
   0       
   0       
   0       
   0       
   0       
   0       
   0       
   0       
   0       
   0       
   0       
   0       
   0       
   0       
   0       
   0       
   0       
   0       
   0       

QFRC_FLUID
   0       
   0       
   0       
   0       
   0       
   0       
   0       
   0       
   0       
   0       
   0       
   0       
   0       
   0       
   0       
   0       
   0       
   0       
   0       
   0       
   0       

QFRC_PASSIVE
   0       
   0       
   0       
   0       
   0       
   0       
   0       
   0       
   0       
   0       
   0       
   0       
   0       
   0       
   0       
   0       
   0       
   0       
   0       
   0       
   0       

EFC_VEL
   0       
   0       
   0       
   0       
   0       
   0       
   0       
   0       
   0       
   0       
   0       
   0       
   0       
   0       
   0       
   0       
   0       
   0       
   0       
   0       
   0       
   0       
   0       
   0       
   0       
   0       
   0       
   0       
   0       
   0       
   0       
   0       
   0       
   0       
   0       
   0       
   0       

EFC_AREF
  -0       
   66      
   66      
   66      
   66      
   66      
   66      
   66      
   66      
   66      
   66      
   66      
   66      
   66      
   66      
   66      
   66      
   66      
   66      
   66      
   66      
   66      
   66      
   66      
   66      
   66      
   66      
   66      
   66      
   66      
   66      
   66      
   66      
   66      
   66      
   66      
   66      

SUBTREE_LINVEL
   0         0         0       
   0         0         0       
   0         0         0       
   0         0         0       
   0         0         0       
   0         0         0       
   0         0         0       
   0         0         0       
   0         0         0       
   0         0         0       
   0         0         0       
   0         0         0       
   0         0         0       
   0         0         0       
   0         0         0       

SUBTREE_ANGMOM
   0         0         0       
   0         0         0       
   0         0         0       
   0         0         0       
   0         0         0       
   0         0         0       
   0         0         0       
   0         0         0       
   0         0         0       
   0         0         0       
   0         0         0       
   0         0         0       
   0         0         0       
   0         0         0       
   0         0         0       

ACTUATOR_FORCE
  -87      
   87      
  -87      
   87      
   12      
  -12      
  -12      
   0       

QFRC_ACTUATOR
  -87      
   87      
  -87      
   87      
   12      
  -12      
  -12      
   0       
   0       
   0       
   0       
   0       
   0       
   0       
   0       
   0       
   0       
   0       
   0       
   0       
   0       

QFRC_SMOOTH
  -87      
   92      
  -82      
   64      
   12      
  -14      
  -12      
  -0.032   
   0.032   
   0       
   0       
  -0.2     
   0       
   0       
   0       
   0       
   0       
  -4.9     
   0       
   0       
   0       

QACC_SMOOTH
  -1e+02   
   1.1e+02 
  -21      
   1.5e+02 
   87      
  -1.9e+02 
  -1.2e+02 
  -4.1     
   4.1     
   0       
   0       
  -9.8     
   0       
   0       
   0       
   0       
   0       
  -9.8     
   0       
   0       
   0       

EFC_B
  -8.3     
  -76      
  -76      
  -76      
  -76      
  -76      
  -76      
  -76      
  -76      
  -76      
  -76      
  -76      
  -76      
  -76      
  -76      
  -76      
  -76      
  -76      
  -76      
  -76      
  -76      
  -76      
  -76      
  -76      
  -76      
  -76      
  -76      
  -76      
  -76      
  -76      
  -76      
  -76      
  -76      
  -76      
  -76      
  -76      
  -76      

EFC_FORCE
   0.45    
   0.07    
   0.07    
   0.07    
   0.07    
   0.085   
   0.085   
   0.079   
   0.091   
   0.067   
   0.067   
   0.073   
   0.061   
   0.07    
   0.058   
   0.064   
   0.064   
   0.082   
   0.094   
   0.088   
   0.088   
   2.3     
   2.3     
   2.3     
   2.3     
   2.3     
   2.3     
   2.3     
   2.3     
   2.3     
   2.3     
   2.3     
   2.3     
   2.3     
   2.3     
   2.3     
   2.3     

EFC_STATE
  1
  1
  1
  1
  1
  1
  1
  1
  1
  1
  1
  1
  1
  1
  1
  1
  1
  1
  1
  1
  1
  1
  1
  1
  1
  1
  1
  1
  1
  1
  1
  1
  1
  1
  1
  1
  1

QFRC_CONSTRAINT
   0       
   0       
   0       
   0       
   0       
   0       
   0       
   0.45    
  -0.45    
  -0.00013 
  -0.00018 
   1.5     
   2.8e-05 
  -2.1e-05 
   2.5e-08 
   0       
   0       
   37      
   0       
  -5.6e-17 
   0       

QFRC_INVERSE
   0       
   0       
   0       
   0       
   0       
   0       
   0       
   0       
   0       
   0       
   0       
   0       
   0       
   0       
   0       
   0       
   0       
   0       
   0       
   0       
   0       

CACC
   0         0         0         0         0         0       
   0         0         0         0         0         0       
   0         0         0         0         0         0       
   0         0         0         0         0         0       
   0         0         0         0         0         0       
   0         0         0         0         0         0       
   0         0         0         0         0         0       
   0         0         0         0         0         0       
   0         0         0         0         0         0       
   0         0         0         0         0         0       
   0         0         0         0         0         0       
   0         0         0         0         0         0       
   0         0         0         0         0         0       
   0         0         0         0         0         0       
   0         0         0         0         0         0       

CFRC_INT
   0         0         0         0         0         0       
   0         0         0         0         0         0       
   0         0         0         0         0         0       
   0         0         0         0         0         0       
   0         0         0         0         0         0       
   0         0         0         0         0         0       
   0         0         0         0         0         0       
   0         0         0         0         0         0       
   0         0         0         0         0         0       
   0         0         0         0         0         0       
   0         0         0         0         0         0       
   0         0         0         0         0         0       
   0         0         0         0         0         0       
   0         0         0         0         0         0       
   0         0         0         0         0         0       

CFRC_EXT
   0         0         0         0         0         0       
   0         0         0         0         0         0       
   0         0         0         0         0         0       
   0         0         0         0         0         0       
   0         0         0         0         0         0       
   0         0         0         0         0         0       
   0         0         0         0         0         0       
   0         0         0         0         0         0       
   0         0         0         0         0         0       
   0         0         0         0         0         0       
   0         0         0         0         0         0       
   0         0         0         0         0         0       
   0         0         0         0         0         0       
   0         0         0         0         0         0       
   0         0         0         0         0         0       

TREE_ISLAND
  0 1 2

ISLAND_NTREE
  1 1 1

ISLAND_ITREEADR
  0 1 2

MAP_ITREE2TREE
  0 1 2

DOF_ISLAND            0 0 0 0 0 0 0 0 0 1 1 1 1 1 1 2 2 2 2 2 2

ISLAND_NV             9 6 6

ISLAND_IDOFADR        0 9 15

MAP_IDOF2DOF          0 1 2 3 4 5 6 7 8 | 9 10 11 12 13 14 | 15 16 17 18 19 20

EFC_ISLAND            0 1 1 1 1 1 1 1 1 1 1 1 1 1 1 1 1 1 1 1 1 2 2 2 2 2 2 2 2 2 2 2 2 2 2 2 2

ISLAND_NEFC           1 20 16

ISLAND_IEFCADR        0 1 21

MAP_IEFC2EFC          0 | 1 2 3 4 5 6 7 8 9 10 11 12 13 14 15 16 17 18 19 20 | 21 22 23 24 25 26 27 28 29 30 31 32 33 34 35 36

TENDON_EFCADR         -1

